0,273
0,270
3,2
3,1
3,3
10,159
10,193
10,277
10,291
10,201
10,115
10,93
10,249
11,18
9,5
9,2
8,10
8,13
8,18
8,7
8,3
227,4
227,3
227,2
227,1
227,0
225,5
225,4
225,3
225,2
225,1
225,0
222,3
222,2
222,1
222,0
221,3
221,2
221,1
221,0
220,5
220,4
220,3
220,2
220,1
220,0
219,4
219,3
219,2
219,1
219,0
218,4
218,3
218,2
218,1
218,0
217,4
217,3
217,2
217,1
217,0
199,3
199,2
199,1
20,3
20,2
20,1
19,3
19,2
19,1
12,3
18,1
12,2
18,3
12,1
11,30
11,29
14,1
11,28
14,3
13,1
11,27
13,3
11,26
11,25
11,24
11,23
11,21
11,20
11,19
11,17
11,16
11,15
11,14
11,13
11,12
11,11
11,10
11,9
11,8
11,7
11,6
11,5
11,4
11,3
11,2
11,1
10,308
10,280
10,268
10,247
10,244
10,242
10,231
10,222
10,165
10,151
10,142
10,133
